Testing k: 10
Testing k: 20
Testing k: 30
Testing k: 40
Testing k: 50
Testing k: 60
Testing k: 70
Testing k: 80
Testing k: 90
Testing k: 100
Testing k: 110
Testing k: 120
Testing k: 130
Testing k: 140
Testing k: 150
Testing k: 160
Testing k: 170
Testing k: 180
Testing k: 190
[0.788, 0.7599999999999999, 0.804, 0.772, 0.796, 0.792, 0.8, 0.796, 0.796, 0.788, 0.8119999999999999, 0.7999999999999999, 0.808, 0.792, 0.7959999999999999, 0.792, 0.7959999999999999, 0.796, 0.8, 0.8039999999999999, 0.8, 0.8039999999999999, 0.7959999999999999, 0.7919999999999999, 0.7959999999999999, 0.7879999999999999, 0.7959999999999999, 0.7839999999999999, 0.788, 0.784, 0.788, 0.78, 0.78, 0.784, 0.784, 0.78, 0.788, 0.792, 0.784, 0.78, 0.78, 0.784, 0.784, 0.776, 0.784, 0.784, 0.788, 0.788, 0.7919999999999999, 0.788, 0.792, 0.784, 0.78, 0.78, 0.78, 0.784, 0.784, 0.784, 0.78, 0.78, 0.772, 0.776, 0.776, 0.776, 0.772, 0.772, 0.772, 0.776, 0.772, 0.768, 0.768, 0.768, 0.768, 0.768, 0.768, 0.768, 0.764, 0.768, 0.768, 0.768, 0.7639999999999999, 0.7679999999999999, 0.768, 0.764, 0.768, 0.768, 0.772, 0.772, 0.776, 0.772, 0.78, 0.78, 0.772, 0.772, 0.772, 0.768, 0.768, 0.764, 0.764, 0.768, 0.768, 0.768, 0.772, 0.76, 0.768, 0.768, 0.764, 0.768, 0.768, 0.764, 0.76, 0.768, 0.76, 0.748, 0.752, 0.748, 0.744, 0.736, 0.72, 0.72, 0.724, 0.708, 0.708, 0.704, 0.6799999999999999, 0.676, 0.6799999999999999, 0.6719999999999999, 0.66, 0.668, 0.656, 0.656, 0.656, 0.6519999999999999, 0.6519999999999999, 0.6439999999999999, 0.64, 0.64, 0.6439999999999999, 0.64, 0.632, 0.632, 0.6359999999999999, 0.64, 0.6359999999999999, 0.628, 0.6319999999999999, 0.636, 0.624, 0.624, 0.6239999999999999, 0.6239999999999999, 0.6119999999999999, 0.608, 0.5959999999999999, 0.5959999999999999, 0.592, 0.592, 0.584, 0.5720000000000001, 0.568, 0.5599999999999999, 0.5440000000000002, 0.52, 0.52, 0.508, 0.492, 0.492, 0.4720000000000001, 0.45600000000000007, 0.44800000000000006, 0.44400000000000006, 0.44000000000000006, 0.44000000000000006, 0.44400000000000006, 0.44400000000000006, 0.44400000000000006, 0.44400000000000006, 0.44400000000000006, 0.44000000000000006, 0.42800000000000005, 0.42400000000000004, 0.42000000000000004, 0.41600000000000004, 0.41600000000000004, 0.41600000000000004, 0.41200000000000003, 0.41200000000000003, 0.41200000000000003, 0.41200000000000003, 0.41200000000000003, 0.41600000000000004, 0.41200000000000003, 0.41600000000000004, 0.41600000000000004, 0.41200000000000003, 0.41200000000000003, 0.41200000000000003, 0.41200000000000003]
Max accuracy: 0.8119999999999999
K-value: 11

Process finished with exit code 0

