dummy
-----------
iterate.sh
#!/bin/bash
for FILE in *; 
    do echo $FILE; 
    tail $FILE; 
    echo "-----------"; 
done

-----------
l0_0.00003.csv
099,383,1.551813006401062
099,384,1.5713311433792114
099,385,1.6962206363677979
099,386,1.5165537595748901
099,387,1.734973430633545
099,388,1.748307466506958
099,389,1.5928021669387817
099,390,1.522361159324646
Training correctness: 42.5
Validation correctness: 38.3
-----------
l0_0.0001.csv
099,383,1.4358837604522705
099,384,1.4186906814575195
099,385,1.635852575302124
099,386,1.3752697706222534
099,387,1.5479028224945068
099,388,1.667048454284668
099,389,1.4752734899520874
099,390,1.3797024488449097
Training correctness: 46.064
Validation correctness: 39.06
-----------
l0_0.0003.csv
099,383,1.3252202272415161
099,384,1.274570107460022
099,385,1.528761386871338
099,386,1.3238211870193481
099,387,1.4615310430526733
099,388,1.6495819091796875
099,389,1.4041669368743896
099,390,1.2460662126541138
Training correctness: 49.288
Validation correctness: 39.32
-----------
l0_0.001.csv
099,383,1.2294936180114746
099,384,1.2149826288223267
099,385,1.4069892168045044
099,386,1.1834003925323486
099,387,1.3346819877624512
099,388,1.540743112564087
099,389,1.3761051893234253
099,390,1.1105008125305176
Training correctness: 49.188
Validation correctness: 36.58
-----------
l0_0.003.csv
099,383,1.5271856784820557
099,384,1.2097716331481934
099,385,1.4732502698898315
099,386,1.4281296730041504
099,387,1.2784298658370972
099,388,1.5184434652328491
099,389,1.775647759437561
099,390,1.1863517761230469
Training correctness: 49.612
Validation correctness: 35.56
-----------
l0_0.01.csv
099,383,2.284909963607788
099,384,3.112787961959839
099,385,2.0312931537628174
099,386,1.5583395957946777
099,387,2.40254282951355
099,388,2.611909866333008
099,389,2.4383983612060547
099,390,1.5650403499603271
Training correctness: 42.436
Validation correctness: 30.48
-----------
l1_0.00003_1024_relu.csv
099,383,0.8508750200271606
099,384,0.8119568824768066
099,385,0.8510763049125671
099,386,0.926243245601654
099,387,0.7388350963592529
099,388,0.7929672598838806
099,389,0.8454350829124451
099,390,0.8009689450263977
Training correctness: 72.228
Validation correctness: 54.42
-----------
l1_0.00003_1024_sigmoid.csv
099,383,1.601508617401123
099,384,1.3065811395645142
099,385,1.5046968460083008
099,386,1.474070429801941
099,387,1.3412973880767822
099,388,1.3665380477905273
099,389,1.3997362852096558
099,390,1.3325912952423096
Training correctness: 50.136
Validation correctness: 43.74
-----------
l1_0.00003_1024_tanh.csv
099,383,1.0061593055725098
099,384,0.9145134687423706
099,385,0.9460112452507019
099,386,0.9850116968154907
099,387,0.867139995098114
099,388,0.8962692618370056
099,389,0.9599964618682861
099,390,0.9600232839584351
Training correctness: 67.296
Validation correctness: 50.1
-----------
l1_0.00003_256_relu.csv
099,383,1.1967896223068237
099,384,1.2079565525054932
099,385,1.18268883228302
099,386,1.318070650100708
099,387,1.1282156705856323
099,388,1.0743815898895264
099,389,1.1223807334899902
099,390,0.8811372518539429
Training correctness: 59.572
Validation correctness: 50.86
-----------
l1_0.00003_256_sigmoid.csv
099,383,1.4326457977294922
099,384,1.5178217887878418
099,385,1.5629706382751465
099,386,1.5517070293426514
099,387,1.3731327056884766
099,388,1.5189546346664429
099,389,1.5018904209136963
099,390,1.279022216796875
Training correctness: 47.268
Validation correctness: 43.08
-----------
l1_0.00003_256_tanh.csv
099,383,1.1350594758987427
099,384,1.199533224105835
099,385,1.1414530277252197
099,386,1.2837225198745728
099,387,1.0861183404922485
099,388,1.088607907295227
099,389,1.1203912496566772
099,390,0.9037268757820129
Training correctness: 61.928
Validation correctness: 51.02
-----------
l1_0.00003_512_relu.csv
099,383,1.1018186807632446
099,384,1.1072230339050293
099,385,1.1217172145843506
099,386,1.0352859497070312
099,387,1.0080310106277466
099,388,1.0697898864746094
099,389,1.0628995895385742
099,390,1.079223394393921
Training correctness: 63.056
Validation correctness: 51.6
-----------
l1_0.00003_512_sigmoid.csv
099,383,1.5083942413330078
099,384,1.4887397289276123
099,385,1.4419914484024048
099,386,1.3970255851745605
099,387,1.4709959030151367
099,388,1.5324662923812866
099,389,1.3751128911972046
099,390,1.4480619430541992
Training correctness: 47.612
Validation correctness: 42.84
-----------
l1_0.00003_512_tanh.csv
099,383,1.043162226676941
099,384,1.0811398029327393
099,385,1.0998311042785645
099,386,1.0071765184402466
099,387,1.0264813899993896
099,388,1.0591522455215454
099,389,1.101041316986084
099,390,1.0566421747207642
Training correctness: 62.992
Validation correctness: 49.38
-----------
l1_0.0001_1024_relu.csv
099,383,0.5950085520744324
099,384,0.5261836647987366
099,385,0.5012599229812622
099,386,0.6921759247779846
099,387,0.513347327709198
099,388,0.5921679735183716
099,389,0.6163264513015747
099,390,0.5048871040344238
Training correctness: 83.268
Validation correctness: 55.66
-----------
l1_0.0001_1024_sigmoid.csv
099,383,0.689379096031189
099,384,0.6841597557067871
099,385,0.6589922308921814
099,386,0.7543319463729858
099,387,0.5854498147964478
099,388,0.6233241558074951
099,389,0.7636073231697083
099,390,0.635817289352417
Training correctness: 80.368
Validation correctness: 53.38
-----------
l1_0.0001_1024_tanh.csv
099,383,0.24825161695480347
099,384,0.22683803737163544
099,385,0.2144070565700531
099,386,0.23376712203025818
099,387,0.1903834491968155
099,388,0.21875540912151337
099,389,0.26344045996665955
099,390,0.2468806952238083
Training correctness: 98.508
Validation correctness: 53.12
-----------
l1_0.0001_256_relu.csv
099,383,0.9548249244689941
099,384,1.0615899562835693
099,385,0.9430559873580933
099,386,1.079813838005066
099,387,0.8551493287086487
099,388,0.8921604752540588
099,389,0.7931652069091797
099,390,0.7060927152633667
Training correctness: 66.548
Validation correctness: 55.54
-----------
l1_0.0001_256_sigmoid.csv
099,383,0.9854584336280823
099,384,1.1053366661071777
099,385,0.9640884399414062
099,386,1.061744213104248
099,387,0.9702135920524597
099,388,0.9115185141563416
099,389,0.9082977771759033
099,390,0.6922138333320618
Training correctness: 68.04
Validation correctness: 54.82
-----------
l1_0.0001_256_tanh.csv
099,383,0.599457323551178
099,384,0.7671590447425842
099,385,0.5828330516815186
099,386,0.5921019315719604
099,387,0.6890724301338196
099,388,0.5978290438652039
099,389,0.6066693067550659
099,390,0.5055791139602661
Training correctness: 83.26
Validation correctness: 55.74
-----------
l1_0.0001_512_relu.csv
099,383,0.8337384462356567
099,384,0.8875054717063904
099,385,0.8258118629455566
099,386,0.7502939701080322
099,387,0.8070504069328308
099,388,0.7280347347259521
099,389,1.0281025171279907
099,390,0.8546392321586609
Training correctness: 70.124
Validation correctness: 53.86
-----------
l1_0.0001_512_sigmoid.csv
099,383,0.8672797679901123
099,384,0.9031147956848145
099,385,0.8735084533691406
099,386,0.8007212281227112
099,387,0.77933669090271
099,388,0.812557578086853
099,389,0.9374246597290039
099,390,0.9174418449401855
Training correctness: 70.244
Validation correctness: 52.94
-----------
l1_0.0001_512_tanh.csv
099,383,0.3566150665283203
099,384,0.43446552753448486
099,385,0.38085871934890747
099,386,0.44744768738746643
099,387,0.4709492325782776
099,388,0.4337177574634552
099,389,0.4511773884296417
099,390,0.47594118118286133
Training correctness: 91.3
Validation correctness: 53.08
-----------
l1_0.0003_1024_relu.csv
099,383,0.6113395094871521
099,384,0.4940810203552246
099,385,0.5493100881576538
099,386,0.624698281288147
099,387,0.35250669717788696
099,388,0.6021748781204224
099,389,0.7193636298179626
099,390,0.5952765345573425
Training correctness: 79.48
Validation correctness: 56.02
-----------
l1_0.0003_1024_sigmoid.csv
099,383,0.1805015206336975
099,384,0.07829736918210983
099,385,0.1355878710746765
099,386,0.18790823221206665
099,387,0.08367732912302017
099,388,0.1256995052099228
099,389,0.13293291628360748
099,390,0.11842690408229828
Training correctness: 97.616
Validation correctness: 52.58
-----------
l1_0.0003_1024_tanh.csv
099,383,0.6327258944511414
099,384,0.4764096438884735
099,385,0.4674834907054901
099,386,0.6652049422264099
099,387,0.46870481967926025
099,388,0.5857325196266174
099,389,0.6177064180374146
099,390,0.5210631489753723
Training correctness: 82.964
Validation correctness: 54.92
-----------
l1_0.0003_256_relu.csv
099,383,0.8316532373428345
099,384,0.957317054271698
099,385,0.869927704334259
099,386,0.965066134929657
099,387,0.8120778203010559
099,388,0.8570054173469543
099,389,0.8313854932785034
099,390,0.6659018397331238
Training correctness: 70.396
Validation correctness: 57.36
-----------
l1_0.0003_256_sigmoid.csv
099,383,0.5617650747299194
099,384,0.6399806141853333
099,385,0.5046424865722656
099,386,0.5589705109596252
099,387,0.5052142143249512
099,388,0.6164998412132263
099,389,0.4792133867740631
099,390,0.38459739089012146
Training correctness: 85.708
Validation correctness: 55.66
-----------
l1_0.0003_256_tanh.csv
099,383,0.6166576147079468
099,384,0.8527699708938599
099,385,0.6400638222694397
099,386,0.7323217391967773
099,387,0.6838319301605225
099,388,0.7966704368591309
099,389,0.6598052382469177
099,390,0.5077311992645264
Training correctness: 75.664
Validation correctness: 56.32
-----------
l1_0.0003_512_relu.csv
099,383,0.7929998636245728
099,384,0.8122653961181641
099,385,0.7292241454124451
099,386,0.6847987771034241
099,387,0.7610874772071838
099,388,0.7186955809593201
099,389,0.9986551403999329
099,390,0.8747653961181641
Training correctness: 73.204
Validation correctness: 56.64
-----------
l1_0.0003_512_sigmoid.csv
099,383,0.32686322927474976
099,384,0.3279014229774475
099,385,0.2802872061729431
099,386,0.2527312934398651
099,387,0.2572573721408844
099,388,0.35402169823646545
099,389,0.35153868794441223
099,390,0.32443052530288696
Training correctness: 95.028
Validation correctness: 54.72
-----------
l1_0.0003_512_tanh.csv
099,383,0.503829300403595
099,384,0.6493290662765503
099,385,0.5775549411773682
099,386,0.5764845609664917
099,387,0.5671115517616272
099,388,0.6000081300735474
099,389,0.6513000726699829
099,390,0.5972913503646851
Training correctness: 80.136
Validation correctness: 56.14
-----------
l1_0.001_1024_relu.csv
099,383,1.1267544031143188
099,384,0.9050707817077637
099,385,0.8558560609817505
099,386,1.0357319116592407
099,387,0.9381741881370544
099,388,0.9514855146408081
099,389,1.0564539432525635
099,390,0.8739364743232727
Training correctness: 62.992
Validation correctness: 53.8
-----------
l1_0.001_1024_sigmoid.csv
099,383,0.9095020294189453
099,384,0.7718032002449036
099,385,0.7709921598434448
099,386,0.9330491423606873
099,387,0.7076776623725891
099,388,0.8630887866020203
099,389,0.9126381874084473
099,390,0.7760411500930786
Training correctness: 68.86
Validation correctness: 55.72
-----------
l1_0.001_1024_tanh.csv
099,383,2.206651449203491
099,384,1.807474970817566
099,385,1.9369046688079834
099,386,1.776090145111084
099,387,1.7757805585861206
099,388,1.8786070346832275
099,389,1.7322973012924194
099,390,1.7746349573135376
Training correctness: 31.26
Validation correctness: 29.42
-----------
l1_0.001_256_relu.csv
099,383,0.939406156539917
099,384,1.1583497524261475
099,385,1.0382156372070312
099,386,1.499277114868164
099,387,1.0222963094711304
099,388,1.0238633155822754
099,389,0.7473686337471008
099,390,0.755484938621521
Training correctness: 63.256
Validation correctness: 53.86
-----------
l1_0.001_256_sigmoid.csv
099,383,0.9165588021278381
099,384,1.0371650457382202
099,385,0.9117946028709412
099,386,1.0764678716659546
099,387,0.9112536311149597
099,388,0.8660500049591064
099,389,0.9396325349807739
099,390,0.7766616940498352
Training correctness: 64.988
Validation correctness: 53.2
-----------
l1_0.001_256_tanh.csv
099,383,1.6463943719863892
099,384,1.8210117816925049
099,385,1.6974246501922607
099,386,1.8316041231155396
099,387,1.89637291431427
099,388,1.780531883239746
099,389,1.699138879776001
099,390,1.38557767868042
Training correctness: 29.864
Validation correctness: 28.92
-----------
l1_0.001_512_relu.csv
099,383,0.861144483089447
099,384,0.8657176494598389
099,385,0.8508337736129761
099,386,0.7718364000320435
099,387,0.7711502313613892
099,388,0.8015789985656738
099,389,1.2369390726089478
099,390,1.0037332773208618
Training correctness: 66.856
Validation correctness: 55.64
-----------
l1_0.001_512_sigmoid.csv
099,383,0.9082466959953308
099,384,0.9972412586212158
099,385,0.8776718378067017
099,386,0.9375199675559998
099,387,0.9163039922714233
099,388,1.0508557558059692
099,389,1.2771371603012085
099,390,1.0535399913787842
Training correctness: 63.96
Validation correctness: 53.46
-----------
l1_0.001_512_tanh.csv
099,383,1.9605674743652344
099,384,1.7810863256454468
099,385,1.8104664087295532
099,386,1.7084773778915405
099,387,1.647957682609558
099,388,1.7543165683746338
099,389,1.9045677185058594
099,390,1.9423967599868774
Training correctness: 28.556
Validation correctness: 26.26
-----------
l1_0.003_1024_relu.csv
099,383,2.3047068119049072
099,384,2.302591323852539
099,385,2.300471067428589
099,386,2.301283121109009
099,387,2.3005433082580566
099,388,2.3033430576324463
099,389,2.300433397293091
099,390,2.3028438091278076
Training correctness: 10.228
Validation correctness: 10.12
-----------
l1_0.003_1024_sigmoid.csv
099,383,2.573364496231079
099,384,2.328035593032837
099,385,2.348018169403076
099,386,2.355703115463257
099,387,2.3084447383880615
099,388,2.4403772354125977
099,389,2.4880194664001465
099,390,2.410317897796631
Training correctness: 10.228
Validation correctness: 10.12
-----------
l1_0.003_1024_tanh.csv
099,383,2.679924964904785
099,384,2.4614923000335693
099,385,2.4783551692962646
099,386,2.564838409423828
099,387,2.4770028591156006
099,388,2.291842222213745
099,389,2.512911558151245
099,390,2.697597026824951
Training correctness: 10.052
Validation correctness: 9.44
-----------
l1_0.003_256_relu.csv
099,383,1.4310213327407837
099,384,1.5221014022827148
099,385,1.6053104400634766
099,386,1.7066855430603027
099,387,1.5300408601760864
099,388,1.6519221067428589
099,389,1.626259207725525
099,390,1.3062145709991455
Training correctness: 37.844
Validation correctness: 35.98
-----------
l1_0.003_256_sigmoid.csv
099,383,2.3248846530914307
099,384,2.361140251159668
099,385,2.3248560428619385
099,386,2.3278019428253174
099,387,2.4426159858703613
099,388,2.350548267364502
099,389,2.355160713195801
099,390,2.3449203968048096
Training correctness: 10.024
Validation correctness: 9.72
-----------
l1_0.003_256_tanh.csv
099,383,2.3339927196502686
099,384,2.4563217163085938
099,385,2.424823045730591
099,386,2.395009756088257
099,387,2.4208626747131348
099,388,2.4631118774414062
099,389,2.37627911567688
099,390,2.340090751647949
Training correctness: 10.228
Validation correctness: 10.12
-----------
l1_0.003_512_relu.csv
099,383,1.212207555770874
099,384,1.247611165046692
099,385,1.4070910215377808
099,386,1.2393721342086792
099,387,1.085166096687317
099,388,1.3225417137145996
099,389,1.4064297676086426
099,390,1.2922452688217163
Training correctness: 48.224
Validation correctness: 43.16
-----------
l1_0.003_512_sigmoid.csv
099,383,2.3939974308013916
099,384,2.349858045578003
099,385,2.3725600242614746
099,386,2.3573386669158936
099,387,2.4070348739624023
099,388,2.4545369148254395
099,389,2.5699257850646973
099,390,2.3812625408172607
Training correctness: 10.052
Validation correctness: 9.44
-----------
l1_0.003_512_tanh.csv
099,383,2.365176200866699
099,384,2.329150676727295
099,385,2.464454412460327
099,386,2.4806153774261475
099,387,2.4373819828033447
099,388,2.3681671619415283
099,389,2.497684955596924
099,390,2.3218178749084473
Training correctness: 9.94
Validation correctness: 9.64
-----------
l1_0.01_1024_relu.csv
099,383,2.3068103790283203
099,384,2.3041744232177734
099,385,2.2995376586914062
099,386,2.3071813583374023
099,387,2.304269790649414
099,388,2.3037211894989014
099,389,2.3028266429901123
099,390,2.301994562149048
Training correctness: 10.228
Validation correctness: 10.14
-----------
l1_0.01_1024_sigmoid.csv
099,383,2.5852558612823486
099,384,2.539564609527588
099,385,2.843865156173706
099,386,2.400251626968384
099,387,2.584221839904785
099,388,2.5101358890533447
099,389,2.6245031356811523
099,390,2.902073383331299
Training correctness: 10.04
Validation correctness: 9.68
-----------
l1_0.01_1024_tanh.csv
099,383,2.5550875663757324
099,384,2.781970739364624
099,385,2.8814167976379395
099,386,2.9220480918884277
099,387,2.850372076034546
099,388,3.6292014122009277
099,389,3.1981961727142334
099,390,2.930772304534912
Training correctness: 9.86
Validation correctness: 11.02
-----------
l1_0.01_256_relu.csv
099,383,2.302658796310425
099,384,2.3144264221191406
099,385,2.3052358627319336
099,386,2.300894021987915
099,387,2.301938772201538
099,388,2.2980074882507324
099,389,2.3006818294525146
099,390,2.2948756217956543
Training correctness: 10.052
Validation correctness: 9.44
-----------
l1_0.01_256_sigmoid.csv
099,383,2.4093689918518066
099,384,2.557377338409424
099,385,2.4786977767944336
099,386,2.4424569606781006
099,387,2.3907394409179688
099,388,2.510155439376831
099,389,2.3586723804473877
099,390,2.3632686138153076
Training correctness: 10.228
Validation correctness: 10.12
-----------
l1_0.01_256_tanh.csv
099,383,2.4425714015960693
099,384,2.4777944087982178
099,385,2.364899158477783
099,386,2.4875309467315674
099,387,2.620192289352417
099,388,2.5203351974487305
099,389,2.335374355316162
099,390,2.341440439224243
Training correctness: 10.024
Validation correctness: 9.72
-----------
l1_0.01_512_relu.csv
099,383,2.3000845909118652
099,384,2.313969612121582
099,385,2.299814462661743
099,386,2.3006327152252197
099,387,2.2991833686828613
099,388,2.2999396324157715
099,389,2.314225435256958
099,390,2.2948849201202393
Training correctness: 9.94
Validation correctness: 9.64
-----------
l1_0.01_512_sigmoid.csv
099,383,2.4328460693359375
099,384,2.3327229022979736
099,385,2.3949108123779297
099,386,2.345137596130371
099,387,2.4598350524902344
099,388,2.407501220703125
099,389,2.533050298690796
099,390,2.3525607585906982
Training correctness: 10.052
Validation correctness: 10.26
-----------
l1_0.01_512_tanh.csv
099,383,2.6256356239318848
099,384,2.5130016803741455
099,385,2.6694793701171875
099,386,2.6279406547546387
099,387,2.8757832050323486
099,388,2.6499526500701904
099,389,2.606889247894287
099,390,2.561549663543701
Training correctness: 9.86
Validation correctness: 11.02
-----------
l2_0.00003_1024_relu.csv
099,383,0.2275540977716446
099,384,0.407837837934494
099,385,0.310569703578949
099,386,0.32631635665893555
099,387,0.2951870262622833
099,388,0.528586745262146
099,389,0.25863176584243774
099,390,0.516735315322876
Training correctness: 90.572
Validation correctness: 56.14
-----------
l2_0.00003_1024_sigmoid.csv
099,383,0.9806591868400574
099,384,1.154456377029419
099,385,1.024503469467163
099,386,0.9328866600990295
099,387,0.9562878608703613
099,388,1.2317674160003662
099,389,1.125519037246704
099,390,1.2379893064498901
Training correctness: 56.14
Validation correctness: 49.34
-----------
l2_0.00003_1024_tanh.csv
099,383,0.5089158415794373
099,384,0.7321965098381042
099,385,0.5535122156143188
099,386,0.5712067484855652
099,387,0.572162389755249
099,388,0.8029183745384216
099,389,0.5327180027961731
099,390,0.9854795336723328
Training correctness: 76.144
Validation correctness: 56.1
-----------
l2_0.00003_256_relu.csv
099,383,0.800103485584259
099,384,0.7958333492279053
099,385,0.8615381121635437
099,386,0.9088495373725891
099,387,0.8814428448677063
099,388,0.8248637914657593
099,389,0.9310175776481628
099,390,1.00912606716156
Training correctness: 67.508
Validation correctness: 57.5
-----------
l2_0.00003_256_sigmoid.csv
099,383,1.2519150972366333
099,384,1.3705177307128906
099,385,1.3819326162338257
099,386,1.2852638959884644
099,387,1.3353596925735474
099,388,1.244263768196106
099,389,1.4669411182403564
099,390,1.4514639377593994
Training correctness: 49.448
Validation correctness: 45.42
-----------
l2_0.00003_256_tanh.csv
099,383,0.7989280819892883
099,384,0.7791510820388794
099,385,0.8213061094284058
099,386,0.9502004384994507
099,387,0.8481180667877197
099,388,0.7774489521980286
099,389,0.9357545971870422
099,390,1.004340410232544
Training correctness: 67.732
Validation correctness: 54.04
-----------
l2_0.00003_512_relu.csv
099,383,0.47833025455474854
099,384,0.675649881362915
099,385,0.7866333723068237
099,386,0.7041927576065063
099,387,0.7534151673316956
099,388,0.8104814887046814
099,389,0.7138949632644653
099,390,0.43608003854751587
Training correctness: 72.432
Validation correctness: 56.64
-----------
l2_0.00003_512_sigmoid.csv
099,383,1.106618046760559
099,384,1.2672516107559204
099,385,1.145436406135559
099,386,1.3369157314300537
099,387,1.3855942487716675
099,388,1.3513450622558594
099,389,1.3536930084228516
099,390,0.97578364610672
Training correctness: 52.732
Validation correctness: 47.44
-----------
l2_0.00003_512_tanh.csv
099,383,0.5522505640983582
099,384,0.7473217248916626
099,385,0.8314302563667297
099,386,0.8174214959144592
099,387,0.9177781343460083
099,388,0.8592592477798462
099,389,0.7209689021110535
099,390,0.4844054579734802
Training correctness: 69.976
Validation correctness: 53.7
-----------
l2_0.0001_1024_relu.csv
099,383,0.11016768962144852
099,384,0.13077369332313538
099,385,0.17967383563518524
099,386,0.2001146674156189
099,387,0.1158808097243309
099,388,0.17426124215126038
099,389,0.11392705142498016
099,390,0.18899205327033997
Training correctness: 95.916
Validation correctness: 55.32
-----------
l2_0.0001_1024_sigmoid.csv
099,383,0.19049598276615143
099,384,0.41058892011642456
099,385,0.2110738903284073
099,386,0.26912859082221985
099,387,0.29854562878608704
099,388,0.4594874978065491
099,389,0.23117022216320038
099,390,0.3618960976600647
Training correctness: 91.988
Validation correctness: 53.62
-----------
l2_0.0001_1024_tanh.csv
099,383,0.00864490121603012
099,384,0.021322155371308327
099,385,0.012153739109635353
099,386,0.01641521230340004
099,387,0.00933161936700344
099,388,0.013550818897783756
099,389,0.011929039843380451
099,390,0.011697204783558846
Training correctness: 99.996
Validation correctness: 55.72
-----------
l2_0.0001_256_relu.csv
099,383,0.5839942693710327
099,384,0.6472752094268799
099,385,0.6012442708015442
099,386,0.7431427836418152
099,387,0.5865215063095093
099,388,0.5423340797424316
099,389,0.8792474865913391
099,390,0.9325816035270691
Training correctness: 74.656
Validation correctness: 58.44
-----------
l2_0.0001_256_sigmoid.csv
099,383,0.6983518600463867
099,384,0.6124067306518555
099,385,0.6975886225700378
099,386,0.8204748034477234
099,387,0.716655969619751
099,388,0.671846330165863
099,389,0.8069363832473755
099,390,0.8739277124404907
Training correctness: 71.988
Validation correctness: 55.84
-----------
l2_0.0001_256_tanh.csv
099,383,0.25389477610588074
099,384,0.41391244530677795
099,385,0.32380619645118713
099,386,0.45740771293640137
099,387,0.28991299867630005
099,388,0.33465200662612915
099,389,0.489577978849411
099,390,0.31790584325790405
Training correctness: 90.376
Validation correctness: 53.86
-----------
l2_0.0001_512_relu.csv
099,383,0.3514297604560852
099,384,0.44724565744400024
099,385,0.5309019684791565
099,386,0.5363648533821106
099,387,0.5557801723480225
099,388,0.5194131731987
099,389,0.5052489042282104
099,390,0.29872778058052063
Training correctness: 82.508
Validation correctness: 56.3
-----------
l2_0.0001_512_sigmoid.csv
099,383,0.36733898520469666
099,384,0.6137758493423462
099,385,0.7567194104194641
099,386,0.5499866008758545
099,387,0.6499146819114685
099,388,0.6201077699661255
099,389,0.5729151368141174
099,390,0.393027663230896
Training correctness: 77.184
Validation correctness: 54.72
-----------
l2_0.0001_512_tanh.csv
099,383,0.06514360755681992
099,384,0.15126053988933563
099,385,0.12464717775583267
099,386,0.08145330846309662
099,387,0.08370000123977661
099,388,0.12582644820213318
099,389,0.16157905757427216
099,390,0.09999013692140579
Training correctness: 95.76
Validation correctness: 54.1
-----------
l2_0.0003_1024_relu.csv
099,383,0.04960943013429642
099,384,0.2244810163974762
099,385,0.12911313772201538
099,386,0.257468581199646
099,387,0.13664348423480988
099,388,0.19544994831085205
099,389,0.13361436128616333
099,390,0.12418051809072495
Training correctness: 96.56
Validation correctness: 54.8
-----------
l2_0.0003_1024_sigmoid.csv
099,383,0.037921421229839325
099,384,0.09074624627828598
099,385,0.10960723459720612
099,386,0.13494786620140076
099,387,0.09094857424497604
099,388,0.13429343700408936
099,389,0.026066051796078682
099,390,0.05712082237005234
Training correctness: 97.14
Validation correctness: 51.56
-----------
l2_0.0003_1024_tanh.csv
099,383,0.28780439496040344
099,384,0.3951253890991211
099,385,0.27796289324760437
099,386,0.22789594531059265
099,387,0.21528950333595276
099,388,0.33948376774787903
099,389,0.2537517547607422
099,390,0.3554019331932068
Training correctness: 89.128
Validation correctness: 55.64
-----------
l2_0.0003_256_relu.csv
099,383,0.5061297416687012
099,384,0.526711106300354
099,385,0.543377697467804
099,386,0.6337860226631165
099,387,0.5056198239326477
099,388,0.5385849475860596
099,389,0.6407131552696228
099,390,0.5799449682235718
Training correctness: 80.928
Validation correctness: 58.58
-----------
l2_0.0003_256_sigmoid.csv
099,383,0.5450336337089539
099,384,0.3291272521018982
099,385,0.41744014620780945
099,386,0.6464100480079651
099,387,0.5009264945983887
099,388,0.4771067202091217
099,389,0.4849151074886322
099,390,0.4587615430355072
Training correctness: 85.176
Validation correctness: 52.7
-----------
l2_0.0003_256_tanh.csv
099,383,0.6134009957313538
099,384,0.5691137313842773
099,385,0.599580705165863
099,386,0.8552640676498413
099,387,0.5476919412612915
099,388,0.548225998878479
099,389,0.7422128915786743
099,390,0.5807040929794312
Training correctness: 76.336
Validation correctness: 56.72
-----------
l2_0.0003_512_relu.csv
099,383,0.42584869265556335
099,384,0.4118334949016571
099,385,0.48968783020973206
099,386,0.4231540262699127
099,387,0.38258615136146545
099,388,0.3334348201751709
099,389,0.4277709722518921
099,390,0.2589702010154724
Training correctness: 86.216
Validation correctness: 55.7
-----------
l2_0.0003_512_sigmoid.csv
099,383,0.06354133039712906
099,384,0.2488551288843155
099,385,0.19820262491703033
099,386,0.12685024738311768
099,387,0.1623162180185318
099,388,0.20709577202796936
099,389,0.181877002120018
099,390,0.11169968545436859
Training correctness: 94.072
Validation correctness: 52.3
-----------
l2_0.0003_512_tanh.csv
099,383,0.34354469180107117
099,384,0.5061699748039246
099,385,0.6653420925140381
099,386,0.5663877725601196
099,387,0.4466661214828491
099,388,0.5647212266921997
099,389,0.3864680826663971
099,390,0.20644092559814453
Training correctness: 80.24
Validation correctness: 55.94
-----------
l2_0.001_1024_relu.csv
099,383,0.7011350393295288
099,384,0.8095344305038452
099,385,0.6345087289810181
099,386,0.7162361741065979
099,387,0.5646553039550781
099,388,0.7572359442710876
099,389,0.6619582772254944
099,390,0.8793002367019653
Training correctness: 71.028
Validation correctness: 57.94
-----------
l2_0.001_1024_sigmoid.csv
099,383,1.3767852783203125
099,384,1.559598684310913
099,385,1.3912960290908813
099,386,1.4629822969436646
099,387,1.5441269874572754
099,388,1.7528101205825806
099,389,1.4140796661376953
099,390,1.4625003337860107
Training correctness: 39.188
Validation correctness: 36.42
-----------
l2_0.001_1024_tanh.csv
099,383,1.9534128904342651
099,384,2.1089181900024414
099,385,1.94451904296875
099,386,2.008087158203125
099,387,1.9952722787857056
099,388,1.972619652748108
099,389,2.0838382244110107
099,390,2.095917224884033
Training correctness: 18.68
Validation correctness: 18.26
-----------
l2_0.001_256_relu.csv
099,383,0.7322672009468079
099,384,0.6288655996322632
099,385,0.7464450001716614
099,386,0.7293091416358948
099,387,0.6975939273834229
099,388,0.7206593155860901
099,389,0.920133113861084
099,390,1.217941403388977
Training correctness: 70.18
Validation correctness: 57.1
-----------
l2_0.001_256_sigmoid.csv
099,383,0.9504482746124268
099,384,1.05290687084198
099,385,0.9684702157974243
099,386,1.0206573009490967
099,387,0.9577580690383911
099,388,0.9595080614089966
099,389,1.0421243906021118
099,390,1.0453102588653564
Training correctness: 60.024
Validation correctness: 51.28
-----------
l2_0.001_256_tanh.csv
099,383,2.3341503143310547
099,384,2.3061635494232178
099,385,2.293949842453003
099,386,2.337602376937866
099,387,2.2912709712982178
099,388,2.350828170776367
099,389,2.325765371322632
099,390,2.3748233318328857
Training correctness: 10.052
Validation correctness: 10.26
-----------
l2_0.001_512_relu.csv
099,383,0.4600585997104645
099,384,0.5352855324745178
099,385,0.7931952476501465
099,386,0.7058109045028687
099,387,0.7451678514480591
099,388,0.7874454259872437
099,389,1.1538561582565308
099,390,0.37699300050735474
Training correctness: 72.684
Validation correctness: 58.88
-----------
l2_0.001_512_sigmoid.csv
099,383,1.2551507949829102
099,384,1.270932674407959
099,385,1.0838751792907715
099,386,1.2315071821212769
099,387,1.2800945043563843
099,388,1.1761474609375
099,389,1.2010449171066284
099,390,0.9974538087844849
Training correctness: 50.28
Validation correctness: 45.2
-----------
l2_0.001_512_tanh.csv
099,383,1.9096509218215942
099,384,1.978646993637085
099,385,1.8380317687988281
099,386,1.9100698232650757
099,387,1.9826934337615967
099,388,1.9726940393447876
099,389,2.180551528930664
099,390,1.7588430643081665
Training correctness: 20.928
Validation correctness: 20.18
-----------
l2_0.003_1024_relu.csv
099,383,1.921879768371582
099,384,2.0035643577575684
099,385,1.9467676877975464
099,386,1.963300108909607
099,387,1.9089281558990479
099,388,1.9662387371063232
099,389,1.951467752456665
099,390,1.9438117742538452
Training correctness: 21.908
Validation correctness: 21.48
-----------
l2_0.003_1024_sigmoid.csv
099,383,2.3007876873016357
099,384,2.302039623260498
099,385,2.3031060695648193
099,386,2.3049724102020264
099,387,2.3032076358795166
099,388,2.2997567653656006
099,389,2.3048152923583984
099,390,2.3077175617218018
Training correctness: 10.052
Validation correctness: 10.26
-----------
l2_0.003_1024_tanh.csv
099,383,2.4927432537078857
099,384,2.573812484741211
099,385,2.5122454166412354
099,386,2.435818910598755
099,387,2.397002696990967
099,388,2.4483089447021484
099,389,2.4561569690704346
099,390,2.3414766788482666
Training correctness: 9.94
Validation correctness: 9.96
-----------
l2_0.003_256_relu.csv
099,383,1.6292717456817627
099,384,1.5392314195632935
099,385,1.613363265991211
099,386,1.6239526271820068
099,387,1.557857632637024
099,388,1.633114218711853
099,389,1.8261075019836426
099,390,1.8854494094848633
Training correctness: 35.76
Validation correctness: 33.16
-----------
l2_0.003_256_sigmoid.csv
099,383,2.2998647689819336
099,384,2.2967066764831543
099,385,2.305192470550537
099,386,2.3019938468933105
099,387,2.3073272705078125
099,388,2.3034260272979736
099,389,2.3090927600860596
099,390,2.301884174346924
Training correctness: 10.228
Validation correctness: 10.12
-----------
l2_0.003_256_tanh.csv
099,383,2.295402765274048
099,384,2.3586585521698
099,385,2.379951238632202
099,386,2.4028284549713135
099,387,2.3962793350219727
099,388,2.3414382934570312
099,389,2.324866771697998
099,390,2.457350015640259
Training correctness: 9.944
Validation correctness: 10.24
-----------
l2_0.003_512_relu.csv
099,383,1.3074430227279663
099,384,1.3734049797058105
099,385,1.3214635848999023
099,386,1.370808482170105
099,387,1.4352573156356812
099,388,1.508912205696106
099,389,1.637665867805481
099,390,1.1944806575775146
Training correctness: 48.38
Validation correctness: 43.46
-----------
l2_0.003_512_sigmoid.csv
099,383,2.297305107116699
099,384,2.3026506900787354
099,385,2.3036062717437744
099,386,2.304870843887329
099,387,2.30456805229187
099,388,2.303128242492676
099,389,2.303218126296997
099,390,2.301135540008545
Training correctness: 10.024
Validation correctness: 9.72
-----------
l2_0.003_512_tanh.csv
099,383,2.4993748664855957
099,384,2.3541183471679688
099,385,2.3818626403808594
099,386,2.463153839111328
099,387,2.3671836853027344
099,388,2.362109899520874
099,389,2.372492551803589
099,390,2.4328842163085938
Training correctness: 9.92
Validation correctness: 9.92
-----------
l2_0.01_1024_relu.csv
099,383,2.3004422187805176
099,384,2.3016908168792725
099,385,2.303579330444336
099,386,2.3051929473876953
099,387,2.3035218715667725
099,388,2.299551248550415
099,389,2.3047640323638916
099,390,2.308441638946533
Training correctness: 10.052
Validation correctness: 10.26
-----------
l2_0.01_1024_sigmoid.csv
099,383,2.4804835319519043
099,384,2.477437973022461
099,385,2.3274452686309814
099,386,2.3547403812408447
099,387,2.4398193359375
099,388,2.3984737396240234
099,389,2.4432826042175293
099,390,2.481600522994995
Training correctness: 10.228
Validation correctness: 10.12
-----------
l2_0.01_1024_tanh.csv
099,383,2.8137102127075195
099,384,2.8394758701324463
099,385,2.4461848735809326
099,386,2.5467641353607178
099,387,2.787691116333008
099,388,2.6477108001708984
099,389,2.888273000717163
099,390,2.4433951377868652
Training correctness: 10.228
Validation correctness: 10.12
-----------
l2_0.01_256_relu.csv
099,383,2.300424337387085
099,384,2.2915589809417725
099,385,2.3018105030059814
099,386,2.299129009246826
099,387,2.303156852722168
099,388,2.306029796600342
099,389,2.3145811557769775
099,390,2.301398992538452
Training correctness: 9.944
Validation correctness: 10.24
-----------
l2_0.01_256_sigmoid.csv
099,383,2.300424337387085
099,384,2.2915589809417725
099,385,2.3018105030059814
099,386,2.299129009246826
099,387,2.303156852722168
099,388,2.306029796600342
099,389,2.3145811557769775
099,390,2.301398992538452
Training correctness: 9.944
Validation correctness: 10.24
-----------
l2_0.01_256_tanh.csv
099,383,2.4269046783447266
099,384,2.3547818660736084
099,385,2.428689479827881
099,386,2.620133876800537
099,387,2.445791482925415
099,388,2.666421890258789
099,389,2.641315221786499
099,390,2.6535050868988037
Training correctness: 9.94
Validation correctness: 9.64
-----------
l2_0.01_512_relu.csv
099,383,2.292685031890869
099,384,2.301513195037842
099,385,2.307656764984131
099,386,2.3122000694274902
099,387,2.3058042526245117
099,388,2.3053040504455566
099,389,2.304795503616333
099,390,2.2996907234191895
Training correctness: 10.024
Validation correctness: 9.72
-----------
l2_0.01_512_sigmoid.csv
099,383,2.288522958755493
099,384,2.298342704772949
099,385,2.3086161613464355
099,386,2.3145551681518555
099,387,2.308732748031616
099,388,2.310971736907959
099,389,2.305432081222534
099,390,2.2999889850616455
Training correctness: 10.052
Validation correctness: 9.44
-----------
l2_0.01_512_tanh.csv
099,383,2.61588191986084
099,384,2.512864589691162
099,385,2.569485664367676
099,386,2.5609540939331055
099,387,2.483123779296875
099,388,2.3345589637756348
099,389,2.5254392623901367
099,390,2.55511736869812
Training correctness: 9.944
Validation correctness: 10.24
-----------
results
099,385,2.569485664367676
099,386,2.5609540939331055
099,387,2.483123779296875
099,388,2.3345589637756348
099,389,2.5254392623901367
099,390,2.55511736869812
Training correctness: 9.944
Validation correctness: 10.24
-----------
results
-----------
